20221110105320,20,43
20221110105326,20,42
20221110105405,20,43
20221110105427,20,42
20221110105429,20,43
20221110105431,20,42
20221110105433,20,43
20221110105502,20,42
20221110105516,20,43
20221110105518,20,42
20221110105524,20,43
20221110105526,20,42
20221110105530,20,43
20221110105606,20,44
20221110105608,20,43
20221110105625,20,42
20221110105649,20,41
20221110105717,20,40
20221110105721,20,41
20221110105723,20,40
20221110105727,20,41
20221110105729,20,40
20221110105758,20,39
20221110105806,20,40
20221110105810,20,39
20221110105832,20,40
20221110105834,20,39
20221110105933,20,38
20221110110100,20,37
20221110110106,20,38
20221110110108,20,37
20221110110114,20,38
20221110110116,20,37
20221110110139,20,38
20221110110141,20,37
20221110110147,20,38
20221110110149,20,37
20221110110346,20,36
20221110110350,20,37
20221110110352,20,36
20221110110354,20,37
20221110110356,20,36
20221110110358,20,37
20221110110402,20,36
20221110110417,20,37
20221110110419,20,36
20221110110423,20,37
20221110110425,20,36
20221110110431,20,37
20221110110433,20,36
20221110110443,20,37
20221110110445,20,36
20221110110523,20,35
20221110110542,20,36
20221110110544,20,35
20221110110546,20,36
20221110110548,20,35
20221110110602,20,36
20221110110604,20,35
20221110110616,20,36
20221110110618,20,35
20221110110650,20,36
20221110110703,20,35
20221110110737,20,36
20221110110741,20,35
20221110110743,20,36
20221110110745,20,35
20221110110749,20,36
20221110110751,20,35
20221110110753,20,36
20221110110755,20,35
20221110110757,20,36
20221110110807,20,35
20221110110809,20,36
20221110110816,20,35
20221110110820,20,36
20221110110908,20,37
20221110110916,20,36
20221110110947,20,35
20221110110949,20,36
20221110110951,20,35
20221110110953,20,36
20221110110955,20,35
20221110110957,20,36
20221110111001,20,35
20221110111003,20,36
20221110111005,20,35
20221110111007,20,36
20221110111009,20,35
20221110111011,20,36
20221110111019,20,35
20221110111025,20,36
20221110111027,20,35
20221110111031,20,36
20221110111033,20,35
20221110111130,20,36
20221110111132,20,35
20221110111213,20,36
20221110111215,20,35
20221110111317,21,34
20221110111319,20,35
20221110111321,21,34
20221110111323,20,35
20221110111511,21,34
20221110111513,20,35
20221110111551,20,34
20221110111557,20,35
20221110111610,21,34
20221110111612,20,35
20221110111638,21,34
20221110111642,20,35
20221110111644,21,34
20221110111648,20,35
20221110111650,21,34
