20221214111955,22,41
20221214111957,21,40
20221214112044,21,41
20221214112046,21,40
20221214112102,21,39
20221214112104,21,40
20221214112106,21,39
20221214112110,21,40
20221214112112,22,39
20221214112116,21,39
20221214112130,22,39
20221214112132,21,39
20221214112134,22,39
20221214112136,21,39
20221214112138,22,39
20221214112140,21,38
20221214112146,21,39
20221214112151,22,39
20221214112151,21,39
20221214112153,21,38
20221214112157,22,38
20221214112159,21,39
20221214112201,22,39
20221214112205,21,39
20221214112207,22,39
20221214112209,22,38
20221214112211,21,39
20221214112217,22,39
20221214112219,21,39
20221214112221,22,39
20221214112225,21,39
20221214112229,22,39
20221214112231,21,39
20221214112237,22,39
20221214112239,21,39
20221214112243,22,39
20221214112245,21,39
20221214112259,22,39
20221214112303,21,39
20221214112307,22,39
20221214112312,21,39
20221214112314,22,39
20221214112316,21,39
20221214112318,22,39
20221214112322,21,39
20221214112332,22,39
20221214112334,21,39
20221214112338,22,39
20221214112340,21,39
20221214112342,22,39
20221214112350,21,39
20221214112352,22,39
20221214112354,22,40
20221214112356,22,39
20221214112404,22,40
20221214112413,22,39
20221214112413,22,40
20221214112414,22,39
20221214112416,22,40
20221214112418,22,39
20221214112422,22,40
20221214112424,22,39
20221214112426,21,39
20221214112429,22,39
20221214112439,22,40
20221214112441,22,39
20221214112443,22,40
20221214112447,21,39
20221214112449,22,40
20221214112453,21,40
20221214112455,22,40
20221214112636,22,41
20221214112638,22,40
20221214112700,21,40
20221214112702,22,40
20221214112713,21,40
20221214112715,22,40
20221214112719,21,40
20221214112721,22,40
20221214112723,21,40
20221214112729,22,40
20221214112731,21,40
20221214112733,22,40
20221214112737,21,40
20221214112740,22,40
20221214112741,21,40
20221214112745,21,39
20221214112747,21,40
20221214112813,22,40
20221214112815,21,40
20221214112817,22,39
20221214112819,22,40
20221214112832,21,40
20221214112834,21,39
20221214112836,21,40
20221214112840,22,40
20221214112844,21,40
20221214112850,22,40
20221214112856,21,40
20221214112902,22,40
20221214112908,21,39
20221214112910,22,40
20221214112930,22,39
20221214112932,22,40
20221214112940,22,39
20221214112944,22,40
20221214112947,22,39
20221214112949,22,40
20221214112951,22,39
20221214112953,22,40
20221214112955,22,39
20221214113001,22,40
20221214113009,22,39
20221214113017,22,40
20221214113023,22,39
20221214113025,22,40
20221214113027,22,39
20221214113031,22,40
20221214113037,22,39
20221214113041,22,40
20221214113051,22,39
20221214113057,22,40
20221214113059,22,39
20221214113106,22,40
20221214113108,22,39
20221214113120,22,40
20221214113122,22,39
20221214113134,22,40
20221214113136,22,39
20221214113200,22,40
20221214113202,22,39
20221214113223,22,40
20221214113225,22,39
20221214113529,22,38
20221214113531,21,38
20221214113533,22,38
20221214113537,21,38
20221214113541,22,38
20221214113549,22,39
20221214113551,22,38
20221214113634,22,37
20221214113640,22,38
20221214113642,22,37
20221214113648,22,38
20221214113650,22,37
20221214113730,22,36
20221214113732,22,37
20221214113741,22,36
20221214113743,22,37
20221214113745,22,36
20221214113821,22,37
20221214113823,22,36
20221214113934,22,35
20221214113936,22,36
20221214113948,22,35
20221214113952,22,36
20221214113954,22,35
20221214113956,22,36
20221214114002,22,35
20221214114012,22,36
20221214114014,22,35
20221214114039,22,36
20221214114043,22,35
20221214114133,22,34
20221214114135,22,35
20221214114138,22,34
20221214114140,22,35
20221214114208,22,34
20221214114210,22,35
20221214114214,22,34
20221214114216,22,35
20221214114222,22,34
20221214114224,22,35
20221214114244,22,36
20221214114246,22,35
20221214114327,22,34
20221214114329,22,35
20221214114333,22,34
20221214114337,22,35
20221214114341,22,34
20221214114343,22,35
20221214114347,22,34
20221214114353,22,35
20221214114355,22,34
20221214114357,22,35
20221214114401,22,34
20221214114827,22,33
20221214114829,22,34
20221214114831,22,33
20221214114833,22,34
20221214114855,22,33
20221214114857,22,34
20221214114901,22,33
20221214114903,22,34
20221214114909,22,33
20221214114913,22,34
20221214114929,22,33
20221214114931,22,34
20221214114934,22,33
20221214114940,22,34
20221214114942,22,33
20221214114946,22,34
20221214114948,22,33
20221214114954,22,34
20221214114958,22,33
20221214115000,22,34
20221214115006,22,33
20221214115010,22,34
20221214115014,22,33
20221214115024,22,34
20221214115026,22,33
20221214115032,22,34
20221214115034,22,33
20221214115042,22,34
20221214115044,22,33
20221214115304,22,34
20221214115306,22,33
20221214120458,23,25
20221214120500,23,26
20221214120502,23,25
20221214120514,23,26
20221214120516,23,25
20221214120545,23,24
20221214120547,23,26
20221214120549,23,25
20221214120559,23,26
20221214120601,23,25
20221214120605,23,24
20221214120607,23,25
20221214120639,23,26
20221214120641,23,25
20221214120643,23,26
20221214120645,23,24
20221214120647,23,25
20221214120700,23,24
20221214120702,23,25
20221214120732,23,26
20221214120736,23,25
20221214120804,23,26
20221214120806,23,25
20221214120811,23,26
20221214120813,23,25
20221214120817,23,26
20221214120819,23,25
20221214120825,23,26
20221214120833,23,25
20221214120839,23,26
20221214120843,23,25
20221214120845,23,26
20221214120851,23,25
20221214120857,23,26
20221214120903,23,25
20221214120907,23,26
20221214120915,23,25
20221214120917,23,26
20221214120919,23,25
20221214120921,23,26
20221214120934,23,29
20221214120936,23,26
20221214121022,22,27
20221214121024,23,26
20221214121030,22,27
20221214121032,23,26
20221214121040,22,27
20221214121042,23,26
20221214121049,23,29
20221214121053,23,26
20221214121057,22,27
20221214121059,23,26
20221214121101,23,29
20221214121103,23,26
20221214121109,23,29
20221214121123,23,26
20221214121125,23,29
20221214121151,23,30
20221214121153,23,29
20221214121157,23,30
20221214121159,23,29
20221214121203,23,30
20221214121205,23,29
20221214121208,23,30
20221214121214,23,29
20221214121222,23,30
20221214122457,23,31
20221214122459,23,30
20221214122511,23,31
20221214122513,23,30
20221214122516,23,31
20221214122520,23,30
20221214122526,23,31
20221214122532,23,30
20221214122534,23,31
20221214122645,23,32
20221214122647,23,31
20221214122707,23,32
20221214122709,23,31
20221214122711,23,32
20221214122713,23,31
20221214122715,23,32
20221214122717,23,31
20221214122729,23,32
20221214122731,23,31
20221214122733,23,32
20221214122735,23,31
20221214122743,23,32
20221214122745,23,31
20221214122756,23,32
20221214122758,23,31
20221214122818,23,32
20221214122820,23,31
20221214122840,23,32
20221214122842,23,31
20221214122929,23,32
20221214122931,23,31
20221214122951,23,32
20221214122953,23,31
20221214123013,23,32
20221214123015,23,31
20221214123036,23,32
20221214123038,23,31
20221214123058,23,32
20221214123100,23,31
20221214123124,23,32
20221214123126,23,31
20221214123146,23,32
20221214123148,23,31
20221214123151,23,32
20221214123217,23,33
20221214123219,23,32
20221214123247,23,33
20221214123249,23,32
20221214123259,23,33
20221214123303,23,32
20221214123307,23,33
20221214123312,23,32
20221214123314,23,33
20221214123316,23,32
20221214123318,23,33
20221214123410,23,32
20221214123412,23,33
20221214123455,23,32
20221214123501,22,33
20221214123503,23,32
20221214123513,22,34
20221214123515,23,33
20221214123539,22,34
20221214123541,23,33
20221214123552,22,34
20221214123554,23,33
20221214123558,22,33
20221214123600,23,32
20221214123602,23,33
20221214123604,23,32
20221214123616,23,33
20221214123618,23,32
20221214123620,23,33
20221214123622,23,32
20221214123646,23,33
20221214123648,23,32
20221214123711,22,33
20221214123713,23,32
20221214123727,22,33
20221214123731,23,32
20221214123733,22,33
20221214123739,23,32
20221214123741,22,33
20221214123743,23,32
20221214123747,22,33
20221214123753,23,32
20221214123757,22,33
20221214123759,23,32
20221214123801,22,33
20221214123803,23,32
20221214123819,23,33
20221214123938,22,34
20221214123940,23,33
20221214123942,22,34
20221214123945,23,33
20221214123947,22,34
20221214124019,23,33
20221214124027,22,34
20221214124029,23,33
20221214124031,22,34
20221214124037,23,33
20221214124241,23,32
20221214124414,23,31
20221214124422,23,32
20221214124424,23,31
20221214124650,23,30
20221214124654,23,31
20221214124656,23,30
20221214124658,23,31
20221214124700,23,30
20221214124706,23,31
20221214124708,23,30
20221214124714,23,31
20221214124720,23,30
20221214124743,23,31
20221214124747,23,30
20221214124751,23,31
20221214124753,23,30
20221214124755,23,31
20221214124757,23,30
20221214124809,23,31
20221214124811,23,30
20221214124904,23,31
20221214124906,23,30
20221214124910,23,31
20221214125325,23,30
20221214125327,23,31
20221214125329,23,30
20221214125331,23,31
20221214125333,23,30
20221214125335,23,31
20221214125337,23,30
20221214125343,23,31
20221214125345,23,30
20221214125347,23,31
20221214125349,23,30
20221214125351,23,31
20221214125353,23,30
20221214125355,23,31
20221214125359,23,30
20221214125401,23,31
20221214125403,23,30
20221214125405,23,31
20221214125407,23,30
20221214125412,23,31
20221214125416,23,30
20221214125418,23,31
20221214125422,23,30
20221214125424,22,31
20221214125426,23,30
20221214125432,23,31
20221214125514,22,32
20221214125516,23,31
20221214125605,23,30
20221214125607,23,31
20221214125611,23,30
20221214125613,23,31
20221214125615,23,30
20221214125617,23,31
20221214125629,23,30
20221214125631,23,31
20221214125633,23,30
20221214125637,23,31
20221214125643,23,30
20221214125652,23,31
20221214125654,23,30
20221214125656,23,31
20221214125700,23,30
20221214125718,23,31
20221214125720,23,30
20221214125724,23,31
20221214125726,23,30
20221214125738,23,31
20221214125740,23,30
20221214125748,23,31
20221214125750,23,30
20221214125802,23,31
20221214125804,23,30
20221214125821,23,31
20221214125823,23,30
20221214125907,23,31
20221214125911,23,30
20221214125913,23,31
20221214125915,23,30
20221214125917,23,31
20221214130051,23,30
20221214132147,23,29
20221214132149,23,30
20221214132151,23,29
20221214132153,23,30
20221214132207,23,29
20221214132209,23,30
20221214132213,23,29
20221214132217,23,30
20221214132219,23,29
20221214132223,23,30
20221214132225,23,29
20221214132227,23,30
20221214132233,23,29
20221214132239,23,30
20221214132241,23,29
20221214132253,23,30
20221214132257,23,29
20221214132308,23,30
20221214132310,23,29
20221214132312,23,30
20221214132314,23,29
20221214132316,23,30
20221214132318,23,29
20221214132322,23,30
20221214132324,23,29
20221214132330,23,30
20221214132334,23,29
20221214132336,23,30
20221214132338,23,29
20221214132340,23,30
20221214132342,23,29
20221214132344,23,30
20221214132346,23,29
20221214132350,23,30
20221214132352,23,29
20221214132356,23,30
20221214132400,23,29
20221214132410,23,30
20221214132414,23,29
20221214132418,23,30
20221214132425,23,29
20221214132427,23,30
20221214132429,23,29
20221214132433,23,30
20221214132437,23,29
20221214132441,23,30
20221214132445,23,29
20221214132453,23,26
20221214132455,23,30
20221214132459,23,29
20221214132507,23,30
20221214132517,23,29
20221214132519,23,30
20221214132521,23,29
20221214132525,23,30
20221214132533,23,29
20221214132539,23,30
20221214132541,23,29
20221214132544,23,30
20221214132548,23,29
20221214132552,23,30
20221214132602,23,29
20221214132604,23,30
20221214132606,23,29
20221214132610,23,30
20221214132624,23,29
20221214132626,23,30
20221214132628,23,29
20221214132630,23,30
20221214132644,23,26
20221214132646,23,30
20221214132648,23,29
20221214132654,23,30
20221214132656,23,29
20221214132700,23,30
20221214132703,23,26
20221214132705,23,29
20221214132709,23,30
20221214132711,23,26
20221214132713,23,30
20221214132715,23,29
20221214132733,23,26
20221214132735,23,30
20221214132737,23,26
20221214132739,23,29
20221214132747,23,26
20221214132749,23,29
20221214132755,23,26
20221214132801,23,30
20221214132803,23,26
20221214132805,23,29
20221214132811,23,26
20221214132813,23,29
20221214132815,23,26
20221214132819,23,29
20221214132822,23,26
20221214132824,23,30
20221214132826,23,29
20221214132828,23,30
20221214132830,23,26
20221214132832,23,29
20221214132836,23,26
20221214132838,23,29
20221214132840,23,26
20221214132844,23,29
20221214132846,23,26
20221214132850,23,29
20221214132852,23,30
20221214132856,23,26
20221214132858,23,30
20221214132900,23,29
20221214132902,23,26
20221214132904,23,30
20221214132906,23,26
20221214132914,23,29
20221214132916,23,26
20221214132920,23,30
20221214132922,23,26
20221214132924,23,30
20221214132926,23,26
20221214132947,23,29
20221214132949,23,26
20221214132951,23,30
20221214132953,23,26
20221214132955,23,25
20221214132957,23,26
20221214132959,23,29
20221214133001,23,26
20221214133005,23,30
20221214133007,23,26
20221214133013,23,27
20221214133015,23,26
20221214133017,23,30
20221214133019,23,26
20221214133023,23,25
20221214133025,23,26
20221214133043,23,30
20221214133045,23,26
20221214133110,23,29
20221214133112,23,26
20221214133140,23,30
20221214133142,23,26
20221214133148,23,25
20221214133150,23,26
20221214133206,23,30
20221214133208,23,26
20221214133214,23,25
20221214133216,23,26
20221214133227,23,25
20221214133229,23,26
20221214133237,23,30
20221214133239,23,26
20221214133241,23,25
20221214133243,23,26
20221214133255,23,25
20221214133257,23,26
20221214133303,23,30
20221214133305,23,26
20221214133307,23,30
20221214133309,23,26
20221214133311,23,25
20221214133313,23,26
20221214133325,23,25
20221214133329,23,26
20221214133333,23,30
20221214133335,23,25
20221214133338,23,26
20221214133340,23,25
20221214133342,23,26
20221214133344,23,25
20221214133352,23,26
20221214133354,23,25
20221214133400,23,29
20221214133402,23,25
20221214133404,23,29
20221214133406,23,25
20221214133430,23,26
20221214133432,23,25
20221214133434,23,26
20221214133436,23,25
20221214133501,23,26
20221214133503,23,25
20221214133519,23,24
20221214133521,23,25
20221214133531,23,29
20221214133533,23,25
20221214133551,23,24
20221214133555,23,25
20221214133559,23,24
20221214133601,23,29
20221214133603,23,24
20221214133607,23,25
20221214133609,23,24
20221214133616,23,25
20221214133622,23,22
20221214133624,23,25
20221214133626,23,26
20221214133630,23,25
20221214133632,23,24
20221214133636,23,25
20221214133638,23,24
20221214133646,23,25
20221214133648,23,24
20221214133654,23,26
20221214133656,23,24
20221214133716,23,25
20221214133718,23,24
20221214133720,23,26
20221214133722,23,24
20221214133724,23,26
20221214133726,23,25
20221214133728,23,24
20221214133737,23,25
20221214133739,23,24
20221214133747,23,26
20221214133749,23,24
20221214133751,23,25
20221214133753,23,24
20221214133755,23,26
20221214133757,23,24
20221214133809,23,25
20221214133811,23,24
20221214133813,23,25
20221214133817,23,26
20221214133819,23,24
20221214133839,23,25
20221214133841,23,24
20221214133843,23,26
20221214133845,23,24
20221214133849,23,22
20221214133851,23,24
20221214133858,23,25
20221214133900,23,24
20221214133904,23,25
20221214133906,23,24
20221214133908,23,25
20221214133910,23,24
20221214133914,23,25
20221214133916,23,24
20221214133950,23,25
20221214133952,23,24
20221214134006,23,25
20221214134008,23,24
20221214134037,23,25
20221214134039,23,24
20221214134059,23,25
20221214134101,23,24
20221214134115,23,25
20221214134117,23,24
20221214134121,23,25
20221214134123,23,24
20221214134132,23,25
20221214134134,23,24
20221214134142,23,25
20221214134148,23,24
20221214134152,23,25
20221214134154,23,24
20221214134156,23,25
20221214134158,23,24
20221214134212,23,26
20221214134214,23,24
20221214134224,23,25
20221214134226,23,24
20221214134230,23,25
20221214134234,23,24
20221214134240,23,25
20221214134246,23,24
20221214134253,23,25
20221214134303,23,24
20221214134307,23,25
20221214134309,23,24
20221214134313,23,25
20221214134319,23,24
20221214134325,23,25
20221214134329,23,24
20221214134331,23,25
20221214134335,23,24
20221214134337,23,25
20221214134403,23,24
20221214134405,23,25
20221214134418,23,24
20221214134420,23,25
20221214134422,23,24
20221214134424,23,25
20221214134428,23,24
20221214134432,23,25
20221214134434,23,24
20221214134436,23,25
20221214134438,23,24
20221214134440,23,25
20221214134448,23,24
20221214134450,23,25
20221214134502,23,24
20221214134504,23,25
20221214134506,23,24
20221214134508,23,25
20221214134514,23,26
20221214134516,23,25
20221214134559,23,24
20221214134603,23,25
20221214134609,23,24
20221214134611,23,25
20221214134619,23,24
20221214134621,23,25
20221214134623,23,24
20221214134625,23,25
20221214134633,23,24
20221214134742,23,22
20221214134744,23,24
20221214134800,23,22
20221214134802,23,24
20221214134804,23,22
20221214134813,23,24
20221214134815,23,22
20221214134823,23,24
20221214134825,23,22
20221214134833,23,24
20221214134835,23,22
20221214134837,23,24
20221214134841,23,22
20221214134847,23,24
20221214134849,23,22
20221214134938,23,24
20221214134940,23,22
20221214135000,23,24
20221214135002,23,21
20221214135006,23,22
20221214135018,23,24
20221214135020,23,22
20221214135051,23,25
20221214135053,23,22
20221214135117,23,25
20221214135119,23,22
20221214135127,23,24
20221214135129,23,22
20221214135133,23,24
20221214135135,23,22
20221214135137,23,24
20221214135139,23,22
20221214135143,23,25
20221214135145,23,22
20221214135210,23,25
20221214135212,23,22
20221214135228,23,24
20221214135232,23,23
20221214135234,23,22
20221214135236,23,25
20221214135238,23,22
20221214135240,23,24
20221214135242,23,22
20221214135258,23,23
20221214135300,23,22
20221214135302,23,25
20221214135304,23,22
20221214135329,23,25
20221214135331,23,22
20221214135355,23,25
20221214135357,23,22
20221214135359,23,24
20221214135401,23,22
20221214135421,23,25
20221214135423,23,22
20221214135448,23,25
20221214135450,23,22
20221214135506,23,24
20221214135508,23,22
20221214135514,23,25
20221214135516,23,22
20221214135518,23,24
20221214135520,23,22
20221214135522,23,24
20221214135524,23,22
20221214135540,23,25
20221214135542,23,22
20221214135552,23,24
20221214135554,23,22
20221214135601,23,24
20221214135605,23,22
20221214135607,23,25
20221214135609,23,22
20221214135611,23,26
20221214135613,23,22
20221214135615,23,24
20221214135617,23,22
20221214135619,23,24
20221214135627,23,22
20221214135629,23,24
20221214135631,23,22
20221214135633,23,25
20221214135635,23,24
20221214135643,23,22
20221214135645,23,24
20221214135647,23,22
20221214135649,23,24
20221214135659,23,25
20221214135701,23,24
20221214135707,23,22
20221214135711,23,24
20221214135713,23,22
20221214135715,23,24
20221214135717,23,22
20221214135720,23,24
20221214135724,23,22
20221214135726,23,25
20221214135728,23,22
20221214135730,23,24
20221214135734,23,22
20221214135750,23,24
20221214135752,23,25
20221214135754,23,24
20221214135758,23,22
20221214135818,23,25
20221214135820,23,22
20221214135845,23,24
20221214135847,23,22
20221214135851,23,21
20221214135857,23,22
20221214135859,23,21
20221214135911,23,24
20221214135913,23,21
20221214135915,23,22
20221214135917,23,21
20221214135921,23,19
20221214135923,23,21
20221214135937,23,22
20221214135939,23,21
20221214135941,23,24
20221214135943,23,21
20221214135947,23,19
20221214135951,23,21
20221214135953,23,19
20221214135955,23,21
20221214140000,23,19
20221214140004,23,22
20221214140006,23,19
20221214140008,23,21
20221214140014,23,19
20221214140022,23,21
20221214140024,23,19
20221214140028,23,21
20221214140030,23,19
20221214140032,23,21
20221214140034,23,19
20221214140048,23,21
20221214140050,23,19
20221214140139,23,21
20221214140141,23,19
20221214140425,24,19
20221214140427,23,19
20221214140433,24,19
20221214140435,23,19
20221214140439,24,19
20221214140449,23,19
20221214140453,24,19
20221214140455,23,19
20221214140457,24,19
20221214140501,23,19
20221214140503,24,19
20221214140522,23,19
20221214140524,24,19
20221214140703,24,21
20221214140705,24,19
20221214140723,24,21
20221214140725,24,19
20221214140754,24,21
20221214140758,24,19
20221214140800,24,21
20221214140806,24,19
20221214140808,24,21
20221214140816,24,19
20221214140820,24,21
20221214140927,24,22
20221214140929,24,19
20221214140931,24,21
20221214140951,24,22
20221214140953,24,21
20221214140959,24,22
20221214141001,24,21
20221214141007,24,22
20221214141009,24,21
20221214141013,24,22
20221214141015,24,21
20221214141025,24,22
20221214141027,24,21
20221214141029,24,22
20221214141032,24,21
20221214141034,24,22
20221214141036,24,21
20221214141048,24,22
20221214141050,24,21
20221214141100,24,22
20221214141108,24,21
20221214141112,24,22
20221214141114,24,21
20221214141118,24,22
20221214141120,24,21
20221214141122,24,22
20221214141148,24,24
20221214141151,24,22
20221214141209,24,24
20221214141211,24,22
20221214141249,24,24
20221214141251,24,22
20221214141314,24,24
20221214141316,24,22
20221214141318,24,24
20221214141320,24,22
20221214141332,24,24
20221214141334,24,22
20221214141340,24,25
20221214141342,24,22
20221214141344,24,24
20221214141346,24,22
20221214141348,24,24
20221214141352,24,22
20221214141400,24,24
20221214141402,24,22
20221214141404,24,24
20221214141406,24,22
20221214141412,24,24
20221214141414,24,22
20221214141416,24,24
20221214141420,24,22
20221214141426,24,24
20221214141435,24,22
20221214141447,24,24
20221214141501,24,22
20221214141503,24,24
20221214141521,24,22
20221214141523,24,24
20221214141531,24,22
20221214141537,24,24
20221214141539,24,22
20221214141541,24,24
20221214141545,24,22
20221214141548,24,24
20221214141600,24,22
20221214141606,24,24
20221214141612,24,22
20221214141614,24,24
20221214141632,24,22
20221214141634,24,24
20221214141648,24,22
20221214141650,24,24
20221214141706,24,22
20221214141709,24,24
20221214141717,24,22
20221214141719,24,24
20221214141721,24,22
20221214141723,24,24
20221214141727,24,22
20221214141731,24,24
20221214141733,24,22
20221214141735,24,24
20221214141739,24,22
20221214141741,24,24
20221214141751,24,22
20221214141755,24,24
20221214141757,24,22
20221214141801,24,24
20221214141811,24,22
20221214141813,24,24
20221214141817,24,22
20221214141819,24,24
20221214141821,24,22
20221214141825,24,24
20221214141830,24,22
20221214141832,24,24
20221214141850,24,22
20221214141852,24,24
20221214141856,24,22
20221214141902,24,24
20221214141904,24,22
20221214141908,24,24
20221214141910,24,22
20221214141912,24,24
20221214141916,24,22
20221214141922,24,24
20221214141924,24,22
20221214141926,24,24
20221214141928,24,22
20221214141932,24,24
20221214141936,24,22
20221214141938,24,24
20221214141940,24,22
20221214141947,24,24
20221214141951,24,22
20221214141953,24,24
20221214141957,24,22
20221214142005,24,24
20221214142009,24,22
20221214142013,24,24
20221214142015,24,22
20221214142017,24,24
20221214142019,24,22
20221214142023,24,24
20221214142027,24,22
20221214142029,24,24
20221214142033,24,22
20221214142035,24,24
20221214142037,24,22
20221214142039,24,24
20221214142041,24,22
20221214142043,24,24
20221214142047,24,22
20221214142057,24,24
20221214142112,24,22
20221214142114,24,24
20221214142122,24,22
20221214142124,24,24
20221214142126,24,22
20221214142132,24,24
20221214142136,24,22
20221214142138,24,24
20221214142140,24,22
20221214142142,24,24
20221214142150,24,22
20221214142152,24,24
20221214142202,24,22
20221214142204,24,24
20221214142206,24,22
20221214142222,24,24
20221214142231,24,22
20221214142233,24,24
20221214142239,24,22
20221214142245,24,24
20221214142249,24,22
20221214142257,24,24
20221214142259,24,22
20221214142303,24,24
20221214142305,24,22
20221214142309,24,24
20221214142311,24,22
20221214142317,24,24
20221214142321,24,22
20221214142323,24,24
20221214142331,24,22
20221214142337,24,24
20221214142339,24,22
20221214142341,24,24
20221214142343,24,22
20221214142350,24,24
20221214142352,24,22
20221214142354,24,24
20221214142358,24,22
20221214142400,24,24
20221214142404,24,22
20221214142410,24,24
20221214142412,24,22
20221214142422,24,24
20221214142424,24,22
20221214142500,24,24
20221214142502,24,22
20221214142509,24,24
20221214142511,24,22
20221214142523,24,24
20221214142525,24,22
20221214142537,24,24
20221214142539,24,22
20221214142557,24,24
20221214142559,24,22
20221214142619,24,21
20221214142621,24,24
20221214142624,24,22
20221214142630,24,24
20221214142632,24,22
20221214142730,24,21
20221214142732,24,22
20221214142859,24,21
20221214142902,24,22
20221214142910,24,24
20221214142912,24,22
20221214142916,24,24
20221214142918,24,22
20221214142958,24,24
20221214143000,24,22
20221214143008,24,21
20221214143010,24,22
20221214143027,24,24
20221214143029,24,22
20221214143035,24,24
20221214143037,24,22
20221214143039,24,24
20221214143041,24,22
20221214143148,24,24
20221214143150,24,22
20221214143152,24,24
20221214143154,24,22
20221214143204,24,24
20221214143206,24,22
20221214143220,24,24
20221214143222,24,22
20221214143254,24,21
20221214143256,24,22
20221214143430,24,24
20221214143432,24,22
20221214143555,24,24
20221214143557,24,22
20221214143611,24,24
20221214143613,24,22
20221214143619,24,24
20221214143621,24,22
20221214143627,24,24
20221214143629,24,22
20221214143710,24,24
20221214143712,24,22
20221214143724,24,24
20221214143726,24,22
20221214143732,24,24
20221214143734,24,22
20221214143738,24,24
20221214143740,24,22
20221214143756,24,24
20221214143758,24,22
20221214143804,24,24
20221214143806,24,22
20221214143814,24,24
20221214143817,24,22
20221214143821,24,24
20221214143823,24,22
20221214143827,24,24
20221214143829,24,22
20221214143831,24,24
20221214143833,24,22
20221214143841,24,24
20221214143845,24,22
20221214143851,24,24
20221214143855,24,22
20221214143907,24,24
20221214143909,24,22
20221214143929,24,24
20221214143931,24,22
20221214143946,24,24
20221214143948,24,22
20221214144008,24,24
20221214144012,24,22
20221214144135,24,24
20221214144137,24,22
20221214144213,24,24
20221214144216,24,22
20221214144228,24,24
20221214144230,24,22
20221214144441,24,24
20221214144443,24,22
20221214144536,24,24
20221214144538,24,22
20221214144548,24,21
20221214144550,24,22
20221214144558,24,21
20221214144600,24,22
20221214144602,24,21
20221214144604,24,22
20221214144606,24,21
20221214144610,24,22
20221214144631,24,21
20221214144633,24,22
20221214144641,24,21
20221214144643,24,22
20221214144707,24,21
20221214144709,24,22
20221214144713,24,21
20221214144715,24,22
20221214144717,24,21
20221214144719,24,22
20221214144723,24,21
20221214144725,24,22
20221214144729,24,21
20221214144732,24,22
20221214144734,24,21
20221214144738,24,22
20221214144740,24,21
20221214144744,24,22
20221214144750,24,21
20221214144752,24,22
20221214144756,24,21
20221214144800,24,22
20221214144806,24,21
20221214144808,24,22
20221214144810,24,21
20221214144812,24,22
20221214144814,24,21
20221214144818,24,22
20221214144822,24,21
20221214144824,24,22
20221214144832,24,21
20221214144836,24,22
20221214144838,24,21
20221214144842,24,22
20221214144844,24,21
20221214144848,24,22
20221214144851,24,21
20221214144855,24,22
20221214144857,24,21
20221214144901,24,22
20221214144905,24,21
20221214144907,24,22
20221214144909,24,21
20221214144911,24,22
20221214144915,24,21
20221214144917,24,22
20221214144921,24,21
20221214144927,24,22
20221214144931,24,21
20221214144933,24,22
20221214144935,24,21
20221214144951,24,22
20221214144953,24,21
20221214144959,24,22
20221214145001,24,21
20221214145005,24,22
20221214145007,24,21
20221214145009,24,22
20221214145012,24,21
20221214145024,24,22
20221214145026,24,21
20221214145038,24,22
20221214145040,24,21
20221214145056,24,22
20221214145058,24,21
20221214145116,24,22
20221214145118,24,21
20221214145120,24,22
20221214145122,24,21
20221214145137,24,22
20221214145139,24,21
20221214145141,24,22
20221214145143,24,21
20221214145151,24,22
20221214145155,24,21
20221214145201,24,22
20221214145211,24,21
20221214145217,24,22
20221214145221,24,21
20221214145227,24,22
20221214145231,24,21
20221214145233,24,22
20221214145423,24,21
20221214145425,24,22
20221214145628,24,24
20221214145630,24,22
20221214145711,24,24
20221214145713,24,22
20221214145735,24,24
20221214145737,24,22
20221214145739,24,24
20221214145741,24,22
20221214145749,24,24
20221214145753,24,22
20221214145757,24,24
20221214145759,24,22
20221214145818,24,24
20221214145820,24,22
20221214145828,24,24
20221214145830,24,22
20221214145848,24,24
20221214145850,24,22
20221214150017,24,21
20221214150019,24,22
20221214150023,24,21
20221214150029,24,22
20221214150031,24,21
20221214150035,24,22
20221214150043,24,21
20221214150046,24,22
20221214150048,24,21
20221214150058,24,22
20221214150100,24,21
20221214150138,24,19
20221214150140,24,21
20221214150142,24,19
20221214150144,24,21
20221214150148,24,19
20221214150154,24,21
20221214150156,24,19
20221214150207,24,21
20221214150209,24,19
20221214150231,24,21
20221214150233,24,19
20221214150443,24,21
20221214150445,24,19
20221214151613,24,21
20221214151615,24,19
20221214153048,24,21
20221214153050,24,19
20221214153104,24,21
20221214153107,24,19
20221214153119,24,21
20221214153121,24,19
20221214153123,24,21
20221214153125,24,19
20221214153127,24,21
20221214153137,24,19
20221214153139,24,21
20221214153147,24,22
20221214153151,24,21
20221214153157,24,22
20221214153201,24,21
20221214153205,24,22
20221214153207,24,21
20221214153211,24,22
20221214153217,24,24
20221214153219,24,22
20221214153223,24,25
20221214153226,24,24
20221214153232,24,25
20221214153238,24,24
20221214153240,24,26
20221214153242,24,25
20221214153244,24,30
20221214153246,24,26
20221214153250,24,29
20221214153252,24,30
20221214153254,24,29
20221214153256,24,26
20221214153258,24,29
20221214153302,24,30
20221214153304,24,29
20221214153306,24,30
20221214153308,24,29
20221214153310,24,30
20221214153314,24,29
20221214153320,24,26
20221214153322,24,29
20221214153324,24,26
20221214153328,24,30
20221214153330,24,26
20221214153332,24,30
20221214153334,24,26
20221214153336,24,29
20221214153338,24,26
20221214153340,24,29
20221214153342,24,25
20221214153345,24,26
20221214153351,24,25
20221214153353,24,26
20221214153355,24,25
20221214153359,24,26
20221214153401,24,25
20221214153403,24,26
20221214153405,24,25
20221214153415,24,26
20221214153417,24,24
20221214153419,24,25
20221214153421,24,24
20221214153423,24,25
20221214153425,24,24
20221214153427,24,25
20221214153429,24,24
20221214153433,24,25
20221214153435,24,24
20221214153437,24,26
20221214153439,24,24
20221214153441,24,25
20221214153443,24,24
20221214153445,24,25
20221214153447,24,22
20221214153449,24,25
20221214153451,24,24
20221214153459,24,22
20221214153503,24,24
20221214153506,24,22
20221214153508,24,24
20221214153510,24,22
20221214153512,24,25
20221214153514,24,22
20221214153516,24,25
20221214153518,24,22
20221214153520,24,24
20221214153524,24,22
20221214153528,24,24
20221214153530,24,22
20221214153536,24,24
20221214153538,24,22
20221214153542,24,24
20221214153544,24,21
20221214153550,24,22
20221214153552,24,21
20221214153554,24,22
20221214153556,24,21
20221214153558,24,24
20221214153600,24,22
20221214153604,24,21
20221214153606,24,22
20221214153608,24,21
20221214153612,24,24
20221214153614,24,22
20221214153618,24,21
20221214153620,24,22
20221214153622,24,21
20221214153625,24,22
20221214153627,24,21
20221214153643,24,22
20221214153645,24,21
20221214153647,24,22
20221214153649,24,21
20221214153655,24,24
20221214153657,24,21
20221214153713,24,22
20221214153715,24,21
20221214153731,24,22
20221214153733,24,21
20221214153744,24,22
20221214153746,24,21
20221214153748,24,22
20221214153750,24,19
20221214153752,24,21
20221214153806,24,19
20221214153808,24,21
20221214153810,24,19
20221214153812,24,21
20221214153814,24,22
20221214153816,24,21
20221214153818,24,24
20221214153820,24,21
20221214153824,24,19
20221214153826,24,22
20221214153828,24,21
20221214153836,24,19
20221214153838,24,21
20221214153844,24,22
20221214153846,24,21
20221214153848,24,22
20221214153850,24,19
20221214153852,24,21
20221214153903,24,19
20221214153905,24,21
20221214153919,24,22
20221214153921,24,21
20221214153951,24,22
20221214153953,24,21
20221214153955,24,19
20221214153957,24,21
20221214154011,24,19
20221214154013,24,21
20221214154019,24,22
20221214154022,24,19
20221214154024,24,22
20221214154026,24,19
20221214154028,24,21
20221214154032,24,22
20221214154034,24,21
20221214154044,24,19
20221214154046,24,21
20221214154048,24,19
20221214154050,24,21
20221214154054,24,22
20221214154056,24,21
20221214154058,24,22
20221214154100,24,21
20221214154114,24,19
20221214154116,24,21
20221214154120,24,22
20221214154122,24,19
20221214154124,24,21
20221214154132,24,22
20221214154134,24,19
20221214154136,24,21
20221214154149,24,19
20221214154151,24,22
20221214154153,24,21
20221214154159,24,19
20221214154203,24,22
20221214154205,24,21
20221214154213,24,19
20221214154217,24,21
20221214154221,24,22
20221214154223,24,21
20221214154225,24,19
20221214154227,24,21
20221214154251,24,22
20221214154253,24,21
20221214154255,24,22
20221214154257,24,21
20221214154300,24,22
20221214154302,24,21
20221214154306,24,19
20221214154308,24,22
20221214154310,24,21
20221214154322,24,22
20221214154324,24,21
20221214154326,24,22
20221214154332,24,21
20221214154342,24,22
20221214154346,24,21
20221214154352,24,22
20221214154354,24,21
20221214154356,24,24
20221214154358,24,21
20221214154400,24,24
20221214154402,24,21
20221214154408,24,22
20221214154410,24,21
20221214154419,24,22
20221214154421,24,21
20221214154423,24,22
20221214154425,24,21
20221214154427,24,22
20221214154429,24,21
20221214154431,24,22
20221214154433,24,21
20221214154435,24,24
20221214154437,24,21
20221214154441,24,22
20221214154443,24,21
20221214154445,24,22
20221214154447,24,21
20221214154449,24,22
20221214154451,24,21
20221214154453,24,22
20221214154455,24,24
20221214154457,24,22
20221214154503,24,21
20221214154505,24,22
20221214154507,24,21
20221214154509,24,22
20221214154511,24,21
20221214154513,24,22
20221214154515,24,21
20221214154519,24,22
20221214154523,24,21
20221214154525,24,22
20221214154527,24,21
20221214154531,24,22
20221214154535,24,21
20221214154540,24,22
20221214154542,24,21
20221214154548,24,22
20221214154554,24,21
20221214154556,24,22
20221214154558,24,24
20221214154600,24,22
20221214154604,24,21
20221214154606,24,24
20221214154608,24,21
20221214154610,24,22
20221214154614,24,21
20221214154616,24,22
20221214154618,24,21
20221214154622,24,22
20221214154624,24,21
20221214154626,24,22
20221214154632,24,24
20221214154634,24,21
20221214154636,24,24
20221214154638,24,22
20221214154642,24,21
20221214154644,24,22
20221214154650,24,21
20221214154652,24,22
20221214154654,24,21
20221214154656,24,22
20221214154701,24,21
20221214154703,24,24
20221214154705,24,21
20221214154707,24,24
20221214154709,24,21
20221214154711,24,22
20221214154717,24,21
20221214154719,24,22
20221214154725,24,21
20221214154729,24,22
20221214154733,24,24
20221214154735,24,22
20221214154741,24,21
20221214154743,24,22
20221214154745,24,21
20221214154751,24,22
20221214154753,24,21
20221214154755,24,22
20221214154757,24,21
20221214154759,24,22
20221214154805,24,21
20221214154807,24,22
20221214154815,24,21
20221214154818,24,22
20221214154820,24,21
20221214154822,24,22
20221214154838,24,21
20221214154842,24,22
20221214154846,24,21
20221214154848,24,22
20221214154900,24,21
20221214154902,24,22
20221214154955,24,21
20221214154957,24,22
20221214155003,24,21
20221214155005,24,22
20221214155007,24,21
20221214155011,24,22
20221214155013,24,21
20221214155017,24,22
20221214155019,24,21
20221214155027,24,22
20221214155029,24,21
20221214155033,24,22
20221214155043,24,21
20221214155045,24,22
20221214155047,24,21
20221214155056,24,22
20221214155058,24,21
20221214155112,24,22
20221214155114,24,21
20221214155126,24,22
20221214155128,24,21
20221214155136,24,22
20221214155138,24,21
20221214155142,24,22
20221214155144,24,21
20221214155206,24,22
20221214155208,24,19
20221214155210,24,21
20221214155227,24,19
20221214155229,24,21
20221214155241,24,19
20221214155243,24,21
20221214155259,24,22
20221214155301,24,21
20221214155305,24,19
20221214155309,24,21
20221214155319,24,19
20221214155325,24,21
20221214155336,24,19
20221214155338,24,21
20221214155342,24,19
20221214155346,24,21
20221214155350,24,19
20221214155352,24,21
20221214155354,24,19
20221214155356,24,21
20221214155358,24,19
20221214155404,24,21
20221214155406,24,19
20221214155408,24,21
20221214155410,24,19
20221214155412,24,21
20221214155414,24,19
20221214155416,24,21
20221214155426,24,19
20221214155444,24,21
20221214155446,24,19
20221214155453,24,21
20221214155455,24,19
20221214155459,24,21
20221214155501,24,19
20221214155505,24,21
20221214155507,24,19
20221214155513,24,21
20221214155515,24,19
20221214155517,24,21
20221214155519,24,19
20221214155521,24,21
20221214155523,24,19
20221214155533,24,21
20221214155535,24,19
20221214155539,24,21
20221214155543,24,19
20221214155549,24,21
20221214155551,24,19
20221214155557,24,21
20221214155559,24,19
20221214155603,24,21
20221214155605,24,19
20221214155618,24,21
20221214155622,24,19
20221214155628,24,22
20221214155630,24,19
20221214155638,24,21
20221214155642,24,19
20221214155644,24,21
20221214155648,24,19
20221214155650,24,21
20221214155652,24,19
20221214155656,24,21
20221214155714,24,19
20221214155716,24,21
20221214155718,24,19
20221214155720,24,21
20221214155726,24,19
20221214155728,24,21
20221214155730,24,19
20221214155733,24,21
20221214155739,24,19
20221214155741,24,21
20221214155751,24,19
20221214155753,24,21
20221214155757,24,19
20221214155759,24,21
20221214155805,24,19
20221214155807,24,21
20221214155811,24,22
20221214155813,24,21
20221214155819,24,22
20221214155821,24,21
20221214155835,24,19
20221214155837,24,21
20221214155849,24,19
20221214155852,24,21
20221214155854,24,19
20221214155856,24,22
20221214155858,24,21
20221214155902,24,19
20221214155904,24,21
20221214155906,24,19
20221214155908,24,21
20221214155910,24,19
20221214155912,24,21
20221214155924,24,19
20221214155926,24,21
20221214155934,24,19
20221214155936,24,21
20221214155938,24,19
20221214155940,24,21
20221214155952,24,19
20221214155954,24,21
20221214160008,24,19
20221214160011,24,21
20221214160017,24,19
20221214160025,24,21
20221214160027,24,19
20221214160029,24,21
20221214160031,24,19
20221214160033,24,21
20221214160035,24,19
20221214160039,24,21
20221214160045,24,19
20221214160047,24,21
20221214160049,24,22
20221214160051,24,21
20221214160053,24,19
20221214160059,24,21
20221214160101,24,19
20221214160105,24,21
20221214160107,24,19
20221214160113,24,21
20221214160115,24,19
20221214160117,24,21
20221214160119,24,19
20221214160127,24,21
20221214160132,24,19
20221214160136,24,21
20221214160138,24,19
20221214160142,24,21
20221214160146,24,19
20221214160150,24,21
20221214160152,24,19
20221214160204,24,21
20221214160206,24,19
20221214160208,24,21
20221214160212,24,19
20221214160214,24,21
20221214160218,24,19
20221214160226,24,21
20221214160228,24,19
20221214160232,24,21
20221214160238,24,19
20221214160242,24,21
20221214160251,24,19
20221214160253,24,21
20221214160307,24,19
20221214160309,24,21
20221214160311,24,19
20221214160313,24,21
20221214160333,24,19
20221214160335,24,21
20221214160337,24,19
20221214160339,24,21
20221214160341,24,19
20221214160343,24,21
20221214160347,24,19
20221214160349,24,21
20221214160403,24,19
20221214160408,24,21
20221214160418,24,19
20221214160420,24,22
20221214160422,24,21
20221214160426,24,19
20221214160428,24,21
20221214160438,24,19
20221214160440,24,21
20221214160442,24,19
20221214160444,24,21
20221214160446,24,22
20221214160448,24,19
20221214160450,24,21
20221214160452,24,19
20221214160454,24,21
20221214160456,24,19
20221214160458,24,21
20221214160520,24,22
20221214160522,24,21
20221214160545,24,19
20221214160547,24,21
20221214160605,24,22
20221214160607,24,19
20221214160609,24,21
20221214160613,24,19
20221214160615,24,21
20221214160621,24,22
20221214160623,24,21
20221214160639,24,19
20221214160641,24,21
20221214160652,24,22
20221214160654,24,21
20221214160724,24,19
20221214160726,24,22
20221214160728,24,21
20221214160800,24,22
20221214160804,24,21
20221214160823,24,22
20221214160827,24,19
20221214160829,24,21
20221214160837,24,22
20221214160839,24,21
20221214160843,24,22
20221214160845,24,21
20221214160853,24,22
20221214160855,24,21
20221214160859,24,22
20221214160903,24,21
20221214160907,24,22
20221214160909,24,21
20221214160923,24,22
20221214160926,24,21
20221214160950,24,22
20221214160952,24,21
20221214160954,24,22
20221214160956,24,21
20221214161002,24,22
20221214161010,24,21
20221214161016,24,22
20221214161020,24,21
20221214161024,24,22
20221214161028,24,21
20221214161040,24,22
20221214161045,24,21
20221214161047,24,22
20221214161053,24,21
20221214161055,24,22
20221214161059,24,24
20221214161101,24,22
20221214161105,24,21
20221214161109,24,22
20221214161111,24,21
20221214161115,24,22
20221214161121,24,21
20221214161125,24,22
20221214161129,24,21
20221214161143,24,22
20221214161147,24,21
20221214161151,24,22
20221214161157,24,21
20221214161159,24,22
20221214161201,24,21
20221214161210,24,22
20221214161212,24,21
20221214161216,24,22
20221214161220,24,21
20221214161226,24,22
20221214161228,24,21
20221214161230,24,22
20221214161236,24,21
20221214161242,24,22
20221214161246,24,21
20221214161252,24,22
20221214161254,24,21
20221214161256,24,22
20221214161258,24,21
20221214161300,24,24
20221214161302,24,21
20221214161306,24,22
20221214161308,24,21
20221214161327,24,22
20221214161329,24,21
20221214161345,24,22
20221214161347,24,21
20221214161353,24,22
20221214161355,24,21
20221214161401,24,22
20221214161403,24,21
20221214161423,24,22
20221214161425,24,21
20221214161456,24,22
20221214161458,24,21
20221214161502,24,22
20221214161504,24,21
20221214161508,24,22
20221214161510,24,21
20221214161514,24,22
20221214161516,24,21
20221214161518,24,22
20221214161524,24,21
20221214161528,24,22
20221214161530,24,21
20221214161532,24,22
20221214161536,24,21
20221214161538,24,22
20221214161540,24,21
20221214161548,24,22
20221214161552,24,21
20221214161554,24,22
20221214161558,24,21
20221214161603,24,22
20221214161609,24,21
20221214161613,24,22
20221214161615,24,21
20221214161621,24,22
20221214161625,24,21
20221214161629,24,22
20221214161631,24,21
20221214161633,24,22
20221214161635,24,21
20221214161639,24,22
20221214161641,24,21
20221214161643,24,22
20221214161645,24,21
20221214161649,24,22
20221214161651,24,21
20221214161653,24,22
20221214161657,24,21
20221214161703,24,22
20221214161705,24,21
20221214161709,24,22
20221214161713,24,21
20221214161715,24,22
20221214161717,24,21
20221214161722,24,22
20221214161732,24,21
20221214161734,24,19
20221214161736,24,22
20221214161738,24,21
20221214161740,24,22
20221214161742,24,21
20221214161750,24,22
20221214161752,24,21
20221214161754,24,22
20221214161756,24,21
20221214161800,24,22
20221214161810,24,21
20221214161818,24,22
20221214161826,24,21
20221214161828,24,22
20221214161830,24,21
20221214161832,24,22
20221214161836,24,21
20221214161838,24,22
20221214161843,24,21
20221214161845,24,22
20221214161849,24,21
20221214161851,24,22
20221214161853,24,21
20221214161855,24,22
20221214161857,24,21
20221214161859,24,22
20221214162008,24,24
20221214162010,24,21
20221214162012,24,22
20221214162038,24,24
20221214162040,24,22
20221214162056,24,24
20221214162058,24,22
20221214162102,24,24
20221214162104,24,22
20221214162110,24,24
20221214162112,24,22
20221214162131,24,24
20221214162133,24,22
20221214162141,24,24
20221214162143,24,22
20221214162145,24,24
20221214162151,24,22
20221214162203,24,24
20221214162205,24,22
20221214162211,24,24
20221214162217,24,22
20221214162219,24,24
20221214162221,24,25
20221214162223,24,22
20221214162225,24,24
20221214162238,24,22
20221214162240,24,24
20221214162242,24,22
20221214162246,24,24
20221214162256,24,22
20221214162258,24,24
20221214162304,24,25
20221214162306,24,24
20221214162308,24,22
20221214162310,24,24
20221214162312,24,22
20221214162314,24,24
20221214162340,24,22
20221214162342,24,24
20221214162344,24,22
20221214162348,24,24
20221214162352,24,22
20221214162357,24,24
20221214162405,24,22
20221214162407,24,24
20221214162415,24,22
20221214162419,24,24
20221214162421,24,22
20221214162423,24,24
20221214162501,24,22
20221214162505,24,24
20221214162518,24,22
20221214162520,24,24
20221214162608,24,22
20221214162610,24,24
20221214162614,24,22
20221214162616,24,24
20221214162626,24,22
20221214162628,24,24
20221214162632,24,22
20221214162634,24,24
20221214162639,24,22
20221214162641,24,25
20221214162643,24,24
20221214162647,24,25
20221214162649,24,24
20221214162705,24,22
20221214162707,24,24
20221214162749,24,22
20221214162751,24,24
20221214162822,24,22
20221214162824,24,24
20221214163036,24,25
20221214163038,24,24
20221214163050,24,25
20221214163052,24,24
20221214163100,24,22
20221214163102,24,24
20221214163104,24,22
20221214163106,24,24
20221214163108,24,25
20221214163110,24,24
20221214163130,24,25
20221214163132,24,24
20221214163134,24,25
20221214163136,24,24
20221214163205,24,25
20221214163207,24,24
20221214163209,24,25
20221214163211,24,24
20221214163219,24,25
20221214163221,24,24
20221214163223,24,25
20221214163229,24,24
20221214163239,24,25
20221214163241,24,24
20221214163247,24,25
20221214163249,24,24
20221214163251,24,25
20221214163253,24,24
20221214163255,24,25
20221214163257,24,24
20221214163301,24,25
20221214163303,24,24
20221214163305,24,25
20221214163307,24,24
20221214163314,24,25
20221214163318,24,24
20221214163320,24,25
20221214163322,24,24
20221214163326,24,25
20221214163330,24,24
20221214163336,24,25
20221214163340,24,24
20221214163344,24,25
20221214163346,24,24
20221214163348,24,25
20221214163350,24,24
20221214163352,24,25
20221214163354,24,24
20221214163356,24,25
20221214163402,24,24
20221214163404,24,25
20221214163406,24,24
20221214163408,24,25
20221214163416,24,24
20221214163418,24,26
20221214163420,24,24
20221214163424,24,25
20221214163426,24,24
20221214163430,24,25
20221214163441,24,24
20221214163443,24,25
20221214163445,24,24
20221214163451,24,25
20221214163453,24,24
20221214163517,24,25
20221214163519,24,24
20221214163521,24,25
20221214163523,24,24
20221214163525,24,25
20221214163527,24,24
20221214163600,24,25
20221214163602,24,24
20221214163606,24,25
20221214163610,24,24
20221214163638,24,25
20221214163640,24,24
20221214163700,24,25
20221214163702,24,24
20221214163704,24,25
20221214163706,24,22
20221214163708,24,25
20221214163710,24,24
20221214163715,24,25
20221214163719,24,22
20221214163721,24,25
20221214163725,24,24
20221214163741,24,25
20221214163743,24,24
20221214163755,24,25
20221214163757,24,24
20221214163759,24,25
20221214163801,24,24
20221214163809,24,25
20221214163811,24,24
20221214163838,24,25
20221214163840,24,24
20221214163842,24,25
20221214163844,24,24
20221214163856,24,22
20221214163858,24,24
20221214163914,24,22
20221214163916,24,25
20221214163918,24,24
20221214163940,24,22
20221214163942,24,24
20221214163950,24,25
20221214163953,24,24
20221214163955,24,26
20221214163957,24,24
20221214164029,24,25
20221214164031,24,24
20221214164033,24,26
20221214164035,24,24
20221214164037,25,23
20221214164039,24,24
20221214164051,24,25
20221214164053,24,24
20221214164107,24,25
20221214164109,24,24
20221214164112,24,26
20221214164114,24,24
20221214164116,24,22
20221214164118,24,24
20221214164120,24,22
20221214164122,24,24
20221214164134,24,22
20221214164136,24,24
20221214164146,24,25
20221214164148,24,24
20221214164150,24,26
20221214164152,24,24
20221214164154,25,23
20221214164156,24,24
20221214164200,24,22
20221214164202,24,24
20221214164206,24,22
20221214164210,24,24
20221214164212,24,22
20221214164220,24,24
20221214164222,24,22
20221214164224,24,25
20221214164226,24,24
20221214164228,24,22
20221214164231,24,24
20221214164233,24,22
20221214164237,24,25
20221214164239,24,22
20221214164251,24,24
20221214164255,24,25
20221214164257,24,22
20221214164259,25,21
20221214164301,24,22
20221214164311,24,24
20221214164315,24,22
20221214164317,24,24
20221214164319,24,22
20221214164323,24,24
20221214164327,24,22
20221214164329,24,25
20221214164331,24,22
20221214164333,25,21
20221214164335,24,22
20221214164339,24,24
20221214164341,24,22
20221214164356,24,24
20221214164358,24,22
20221214164400,24,25
20221214164402,24,22
20221214164404,25,21
20221214164406,24,22
20221214164426,24,23
20221214164428,24,22
20221214164430,24,25
20221214164432,24,22
20221214164434,25,21
20221214164436,24,22
20221214164456,24,24
20221214164458,24,22
20221214164500,24,25
20221214164502,24,24
20221214164506,24,22
20221214164531,24,24
20221214164533,24,22
20221214164543,24,24
20221214164545,24,22
20221214164601,24,24
20221214164603,24,22
20221214164605,24,25
20221214164607,24,22
20221214164632,24,24
20221214164634,24,22
20221214164636,24,25
20221214164638,24,22
20221214164640,25,20
20221214164642,24,22
20221214164644,24,24
20221214164646,24,22
20221214164702,25,21
20221214164704,24,22
20221214164706,24,25
20221214164708,25,21
20221214164714,24,22
20221214164720,25,21
20221214164722,24,22
20221214164726,25,21
20221214164728,24,24
20221214164730,24,22
20221214164732,24,23
20221214164734,25,21
20221214164736,24,25
20221214164738,24,22
20221214164740,25,21
20221214164744,24,22
20221214164746,25,20
20221214164749,24,21
20221214164751,24,22
20221214164759,25,21
20221214164801,24,22
20221214164803,24,24
20221214164805,24,22
20221214164807,25,24
20221214164809,25,21
20221214164813,24,22
20221214164815,25,21
20221214164819,24,22
20221214164821,25,21
20221214164823,24,22
20221214164827,25,21
20221214164833,25,23
20221214164835,24,22
20221214164837,25,24
20221214164839,25,21
20221214164847,24,22
20221214164853,25,21
20221214164855,25,20
20221214164857,25,21
20221214164901,25,20
20221214164903,25,23
20221214164905,24,22
20221214164908,25,20
20221214164910,24,22
20221214164912,25,20
20221214164914,25,21
20221214164916,24,21
20221214164918,24,22
20221214164920,25,21
20221214164922,24,21
20221214164924,25,20
20221214164926,25,21
20221214164928,24,21
20221214164930,25,21
20221214164932,24,22
20221214164934,25,23
20221214164936,24,22
20221214164938,25,21
20221214164942,24,21
20221214164944,25,20
20221214164946,24,21
20221214164948,25,21
20221214164950,24,22
20221214164952,24,24
20221214164954,24,22
20221214164956,25,21
20221214164958,24,21
20221214165000,25,21
20221214165002,25,20
20221214165010,24,21
20221214165018,25,20
20221214165020,24,21
20221214165022,25,23
20221214165024,24,21
20221214165027,25,23
20221214165029,24,22
20221214165031,25,21
20221214165033,24,22
20221214165035,25,21
20221214165037,25,20
20221214165039,25,21
20221214165043,24,22
20221214165045,24,21
20221214165049,25,21
20221214165051,24,21
20221214165053,24,24
20221214165055,24,21
20221214165057,25,21
20221214165059,25,20
20221214165103,24,21
20221214165105,25,20
20221214165107,25,21
20221214165109,25,20
20221214165119,25,21
20221214165123,24,24
20221214165125,25,20
20221214165127,25,21
20221214165129,24,21
20221214165131,25,20
20221214165139,25,21
20221214165141,25,20
20221214165154,25,23
20221214165156,25,20
20221214165158,25,23
20221214165200,25,20
20221214165202,25,21
20221214165206,25,23
20221214165208,24,21
20221214165212,25,20
20221214165216,25,21
20221214165218,25,20
20221214165220,25,21
20221214165222,25,20
20221214165224,25,23
20221214165226,25,20
20221214165228,25,21
20221214165230,25,20
20221214165250,25,21
20221214165252,25,20
20221214165254,25,23
20221214165256,25,20
20221214165258,25,21
20221214165300,25,20
20221214165317,25,21
20221214165319,25,20
20221214165321,25,21
20221214165323,25,20
20221214165325,25,21
20221214165327,25,20
20221214165351,25,21
20221214165353,25,20
20221214165355,25,23
20221214165357,25,20
20221214165359,25,21
20221214165401,25,20
20221214165411,24,21
20221214165413,25,20
20221214165419,24,22
20221214165421,25,21
20221214165424,25,20
20221214165426,25,21
20221214165428,25,20
20221214165444,24,21
20221214165448,25,20
20221214165452,25,21
20221214165454,24,21
20221214165456,25,21
20221214165458,25,20
20221214165502,24,21
20221214165504,25,20
20221214165506,24,21
20221214165516,24,19
20221214165518,24,21
20221214165522,24,22
20221214165524,24,21
20221214165526,24,22
20221214165528,24,21
20221214165530,25,20
20221214165532,24,21
20221214165534,25,20
20221214165536,24,21
20221214165545,25,20
20221214165547,24,21
20221214165553,24,22
20221214165555,24,21
20221214165557,25,20
20221214165559,24,21
20221214165601,25,20
20221214165607,24,21
20221214165611,25,20
20221214165615,24,21
20221214165619,25,20
20221214165621,24,21
20221214165623,25,21
20221214165625,24,22
20221214165627,25,20
20221214165645,24,21
20221214165647,25,20
20221214165653,25,21
20221214165655,25,20
20221214165657,25,18
20221214165659,25,20
20221214165701,24,22
20221214165704,25,20
20221214165744,25,21
20221214165746,25,20
20221214165835,25,21
20221214165837,25,20
20221214170048,25,21
20221214170050,25,20
20221214170101,25,18
20221214170103,25,20
20221214170213,25,21
20221214170215,25,20
20221214170324,25,21
20221214170326,25,20
20221214170328,25,18
20221214170330,25,20
20221214170401,25,18
20221214170403,25,20
20221214170435,25,18
20221214170437,25,21
20221214170439,25,18
20221214170441,25,21
20221214170443,25,18
20221214170447,25,20
20221214170449,25,18
20221214170451,25,20
20221214170453,25,18
20221214170455,25,20
20221214170500,25,21
20221214170502,25,20
20221214170504,25,18
20221214170506,25,20
20221214170514,25,21
20221214170516,25,20
20221214170522,25,18
20221214170524,25,20
20221214170534,25,18
20221214170536,25,20
20221214170540,25,18
20221214170546,25,20
20221214170550,25,18
20221214170552,25,21
20221214170556,25,20
20221214170600,25,18
20221214170604,25,20
20221214170617,25,18
20221214170619,25,20
20221214170621,25,18
20221214170623,25,20
20221214170627,25,21
20221214170629,25,20
20221214170643,25,21
20221214170645,25,18
20221214170655,25,20
20221214170715,25,18
20221214170717,25,20
20221214170719,25,18
20221214170721,25,20
20221214170725,25,18
20221214170727,25,20
20221214170733,25,18
20221214170735,25,20
20221214170738,25,18
20221214170740,25,20
20221214170742,25,18
20221214170744,25,20
20221214170746,25,18
20221214170752,25,20
20221214170754,25,18
20221214170758,25,20
20221214170800,25,18
20221214170802,25,20
20221214170806,25,18
20221214170810,25,20
20221214170824,25,21
20221214170826,25,18
20221214170828,25,21
20221214170830,25,20
20221214170832,25,18
20221214170834,25,20
20221214170836,25,18
20221214170842,25,20
20221214170844,25,18
20221214170848,25,20
20221214170850,25,18
20221214170854,25,20
20221214170857,25,21
20221214170859,25,20
20221214170901,25,18
20221214170903,25,20
20221214170905,25,18
20221214170907,25,20
20221214170921,25,18
20221214170923,25,20
20221214170927,25,18
20221214170929,25,20
20221214170943,25,18
20221214170945,25,20
20221214171005,25,18
20221214171007,25,20
20221214171009,25,18
20221214171013,25,20
20221214171032,25,18
20221214171036,25,20
20221214171038,25,18
20221214171044,25,20
20221214171050,24,21
20221214171052,25,20
20221214171054,24,21
20221214171056,25,20
20221214171104,24,21
20221214171114,25,20
20221214171116,24,21
20221214171130,24,22
20221214171132,24,21
20221214171135,25,18
20221214171137,24,21
20221214171157,25,20
20221214171159,24,21
20221214171201,25,21
20221214171203,24,21
20221214171221,25,20
20221214171223,24,21
20221214171231,25,20
20221214171237,24,21
20221214171239,25,20
20221214171241,24,21
20221214171243,25,20
20221214171245,24,21
20221214171254,25,20
20221214171256,24,21
20221214171308,25,20
20221214171312,24,21
20221214171314,25,20
20221214171320,24,21
20221214171324,25,20
