20230118170049,0,0
20230118170144,21,42
20230118170146,21,36
20230118170150,21,35
20230118170152,21,34
20230118170202,21,33
20230118170212,21,32
20230118170236,21,31
20230118170430,21,30
20230118170438,21,27
20230118170442,21,30
20230118170444,21,27
20230118170514,21,26
20230118170521,21,27
20230118170537,21,26
20230118170539,21,27
20230118170541,21,26
20230118170545,21,27
20230118170547,21,26
20230118170553,21,27
20230118170555,21,26
20230118170601,21,27
20230118170603,21,26
20230118170650,21,25
20230118170654,21,26
20230118170656,21,25
20230118170658,21,26
20230118170702,21,25
20230118170708,21,26
20230118170710,21,25
20230118170809,21,23
20230118170811,21,25
20230118170813,21,23
20230118170829,21,25
20230118170831,21,23
20230118170857,21,22
20230118170859,21,23
20230118170901,21,22
20230118170903,21,23
20230118170907,21,22
20230118170913,21,23
20230118170915,21,22
20230118170918,21,23
20230118170920,21,22
20230118170922,21,23
20230118170924,21,22
20230118170926,21,23
20230118170928,21,22
20230118171002,21,20
20230118171008,21,22
20230118171010,21,20
20230118171026,21,22
20230118171028,21,20
20230118173120,21,22
20230118173122,21,20
20230118174057,20,21
20230118174059,21,20
20230118174156,20,21
20230118174158,21,20
20230118174200,20,21
20230118174204,21,20
20230118174206,20,21
20230118174208,21,20
20230118174210,20,21
20230118174212,21,20
20230118174218,20,21
20230118174223,21,20
20230118174227,20,21
20230118174231,21,22
20230118174233,21,20
20230118174235,20,21
20230118174237,21,20
20230118174239,20,21
20230118174241,21,20
20230118174249,20,21
20230118174251,21,20
20230118174301,20,21
20230118174303,21,20
20230118174315,20,21
20230118174317,21,20
20230118174319,20,21
20230118174327,21,20
20230118174331,20,21
20230118174333,21,20
20230118174346,21,22
20230118174348,21,20
20230118174400,21,22
20230118174402,21,20
20230118174410,21,22
20230118174412,21,20
20230118174414,21,22
20230118174418,21,20
20230118174424,21,22
20230118174430,21,20
20230118174432,20,23
20230118174434,21,22
20230118174436,21,20
20230118174438,21,22
20230118174446,20,23
20230118174450,20,21
20230118174452,21,22
20230118174454,20,21
20230118174456,21,22
20230118174458,20,21
20230118174500,20,23
20230118174507,21,22
20230118174513,20,23
20230118174515,20,21
20230118174517,21,22
20230118174519,20,23
20230118174525,21,22
20230118174539,20,23
20230118174541,21,22
20230118174549,20,23
20230118174551,21,22
20230118174553,20,23
20230118174559,21,22
20230118174603,20,23
20230118174605,21,22
20230118174607,20,23
20230118174626,20,24
20230118174628,20,23
20230118174710,20,24
20230118174712,20,23
20230118174726,20,24
20230118174728,20,23
20230118174730,20,24
20230118174732,20,23
20230118174745,20,24
20230118174747,20,23
20230118174801,20,24
20230118174809,20,23
20230118174813,20,24
20230118174817,20,23
20230118174819,20,24
20230118174823,20,23
20230118174825,20,24
20230118174908,20,26
20230118174910,20,24
20230118174912,20,26
20230118174936,20,27
20230118174950,20,26
20230118174952,20,27
20230118175000,20,28
20230118175002,20,27
20230118175014,20,28
20230118175016,20,27
20230118175019,20,28
20230118175021,20,27
20230118175023,20,28
20230118175027,20,27
20230118175029,20,28
20230118175031,20,27
20230118175033,20,28
20230118175101,20,27
20230118175103,20,28
20230118175117,20,27
20230118175119,20,28
20230118175125,20,27
20230118175127,20,28
20230118175131,20,27
20230118175152,20,28
20230118175154,20,27
20230118175206,20,28
20230118175208,20,27
20230118175252,20,28
20230118175254,20,27
20230118175309,20,28
20230118175311,20,27
20230118175313,20,28
20230118175315,20,27
20230118175317,20,28
20230118175319,20,27
20230118175321,20,28
20230118175323,20,27
20230118175331,20,28
20230118175333,20,27
20230118175351,20,28
20230118175353,20,27
20230118175409,20,28
20230118175411,20,27
20230118175413,20,28
20230118175416,20,26
20230118175418,20,27
20230118175420,20,28
20230118175424,20,27
20230118175426,20,28
20230118175440,20,27
20230118175442,20,28
20230118175448,20,31
20230118175450,20,28
20230118175454,20,31
20230118175456,20,28
20230118175504,20,31
20230118175512,20,28
20230118175516,20,31
20230118175518,20,32
20230118175520,20,31
20230118175526,20,32
20230118175528,20,31
20230118175530,20,32
20230118175532,20,31
20230118175535,20,32
20230118175551,20,31
20230118175553,20,32
20230118180655,20,31
20230118180657,20,32
20230118180659,20,31
20230118180701,20,32
20230118180703,20,31
20230118180705,20,32
20230118180707,20,31
20230118180713,20,28
20230118180729,20,31
20230118180732,20,28
20230118180736,20,31
20230118180738,20,28
20230118180812,20,27
20230118180816,20,28
20230118180818,20,27
20230118180836,20,28
20230118180838,20,27
20230118180911,20,26
20230118180929,20,27
20230118180931,20,26
20230118180939,20,27
20230118180941,20,26
20230118180951,20,24
20230118180953,20,26
20230118180955,20,24
20230118180957,20,26
20230118181014,20,24
20230118181016,20,26
20230118181020,20,24
20230118181022,20,26
20230118181024,20,24
20230118181030,20,26
20230118181032,20,24
20230118181034,20,26
20230118181036,20,24
20230118181112,20,26
20230118181114,20,23
20230118181120,20,24
20230118181126,20,23
20230118181128,20,24
20230118181131,20,23
20230118181149,20,24
20230118181151,20,23
20230118181153,20,21
20230118181155,20,23
20230118181157,20,21
20230118181159,20,23
20230118181219,20,21
20230118181221,20,23
20230118181223,20,21
20230118181225,20,23
20230118181227,20,21
20230118181239,20,23
20230118181241,20,21
20230118181254,20,23
20230118181256,20,21
20230118181306,20,23
20230118181308,20,21
20230118181316,20,23
20230118181320,20,21
20230118181332,20,23
20230118181334,20,21
20230118181338,20,23
20230118181340,20,21
20230118181755,19,21
20230118181826,20,21
20230118181828,19,21
20230118181834,20,21
20230118182513,19,32
20230118182515,19,21
20230118182519,20,21
20230118182749,19,21
20230118182751,20,21
20230118182801,19,21
20230118182805,20,21
20230118182900,19,21
20230118182902,20,21
20230118182904,19,21
20230118182906,20,21
20230118182914,19,21
20230118182920,20,21
20230118182924,19,21
20230118182930,20,21
20230118182932,19,21
20230118182944,20,21
20230118183011,19,21
20230118183013,20,21
20230118183049,19,21
20230118183059,20,21
20230118183208,19,21
20230118183317,20,21
20230118183319,19,21
20230118183345,20,21
20230118183347,19,21
20230118183402,20,21
20230118183408,19,21
20230118183426,20,21
20230118183428,19,21
20230118183448,20,21
20230118183450,19,21
20230118183452,20,21
20230118183454,19,21
20230118183456,20,21
20230118183458,19,21
20230118183500,20,21
20230118183506,19,21
20230118183510,20,21
20230118183512,19,21
20230118183514,20,21
20230118183539,19,21
20230118185534,18,22
20230118185703,17,22
20230118185705,18,22
20230118185707,17,22
20230118185709,18,22
20230118185711,17,22
20230118190223,18,22
20230118190301,18,24
20230118190303,18,22
20230118190314,18,24
20230118190316,18,22
20230118190318,18,24
20230118190322,18,22
20230118190326,18,24
20230118190328,18,22
20230118190330,18,24
20230118190336,18,22
20230118190338,18,24
20230118190346,18,22
20230118190348,18,24
20230118190350,18,22
20230118190352,18,24
20230118190400,18,22
20230118190406,18,24
20230118190408,18,25
20230118190410,18,24
20230118190420,18,25
20230118190422,18,24
20230118190433,18,22
20230118190435,18,24
20230118190439,18,25
20230118190441,18,22
20230118190443,18,27
20230118190445,18,24
20230118190455,18,25
20230118190457,18,24
20230118190509,18,25
20230118190511,18,24
20230118190513,18,25
20230118190515,18,22
20230118190517,18,24
20230118190539,18,25
20230118190541,18,24
20230118190543,18,25
20230118190546,18,24
20230118190548,18,25
20230118190550,18,24
20230118190552,18,25
20230118190554,18,24
20230118190556,18,25
20230118190600,18,24
20230118190604,18,25
20230118190606,18,24
20230118190608,18,25
20230118190616,18,24
20230118190618,18,25
20230118190620,18,24
20230118190622,18,25
20230118190626,18,27
20230118190628,18,25
20230118190640,19,24
20230118190642,18,25
20230118190650,19,24
20230118190652,18,27
20230118190654,18,25
20230118190700,18,27
20230118190702,18,25
20230118190705,19,26
20230118190707,19,24
20230118190709,18,25
20230118190711,19,24
20230118190715,19,26
20230118190719,19,24
20230118190723,19,26
20230118190725,19,24
20230118190727,19,26
20230118190729,19,24
20230118190731,19,26
20230118190733,19,24
20230118190739,19,26
20230118190741,19,24
20230118190743,19,26
20230118190747,19,24
20230118190753,19,26
20230118190755,19,24
20230118190757,19,27
20230118190801,19,24
20230118190807,19,26
20230118190809,19,24
20230118190813,19,26
20230118190815,19,24
20230118190821,19,26
20230118190828,19,27
20230118190830,19,26
20230118190852,18,29
20230118190854,19,27
20230118190856,19,26
20230118190858,19,27
20230118190900,19,26
20230118190920,19,27
20230118190922,19,24
20230118190924,19,26
20230118190932,19,27
20230118190934,19,26
20230118190943,19,24
20230118190945,19,26
20230118190951,19,27
20230118190953,19,26
20230118190959,19,27
20230118191001,19,26
20230118191009,19,27
20230118191011,19,26
20230118191017,19,27
20230118191019,19,26
20230118191029,19,27
20230118191031,19,26
20230118191047,19,27
20230118191049,19,26
20230118191053,19,27
20230118191057,19,26
20230118191114,19,27
20230118191118,19,26
20230118191122,19,27
20230118191130,19,26
20230118191136,19,27
20230118191146,19,26
20230118191148,19,27
20230118191150,19,26
20230118191158,19,27
20230118191210,19,28
20230118191212,19,26
20230118191214,19,27
20230118191251,19,26
20230118191253,19,27
20230118191303,19,28
20230118191305,19,27
20230118191329,19,28
20230118191331,19,27
20230118191333,19,28
20230118191335,19,27
20230118191350,19,28
20230118191352,19,27
20230118191356,19,28
20230118191358,19,27
20230118191400,19,28
20230118191402,19,27
20230118191406,19,28
20230118191408,19,27
20230118191412,19,28
20230118191414,19,27
20230118191422,19,28
20230118191424,19,26
20230118191426,19,27
20230118191448,19,28
20230118191450,19,26
20230118191452,19,27
20230118191503,19,26
20230118191507,19,27
20230118191511,19,26
20230118191515,19,27
20230118191533,19,26
20230118191535,19,27
20230118191539,19,26
20230118191541,19,27
20230118191543,19,26
20230118191545,19,27
20230118191555,19,26
20230118191557,19,27
20230118191603,19,26
20230118191605,19,27
20230118191613,19,26
20230118191615,19,27
20230118191618,19,26
20230118191620,19,27
20230118191622,19,26
20230118191626,19,27
20230118191632,19,26
20230118191634,19,27
20230118191636,19,26
20230118191638,19,27
20230118191640,19,26
20230118191650,19,27
20230118191658,19,26
20230118191700,19,27
20230118191708,19,26
20230118191716,19,27
20230118191730,19,28
20230118191732,19,27
20230118191741,19,28
20230118191743,19,27
